Num combided: 2.0
magz: 29.905
zpt: 24.716
Exptime: 119.0
pixscl: 0.27
gain: 4.17034826628
rdnoise: 5.969421
