NCombine: 4.0
magz: 30.276
zpt: 24.779
exptime: 158.0
pixscl: 0.27
gain: 3.95962856536
rdnoise: 6.887293625
