Num combided: 1.0
magz: 29.948
zpt: 25.112
Exptime: 86.0
pixscl: 0.27
gain: 3.5647708346
rdnoise: 6.31216
