Num combided: 2.0
magz: 30.171
zpt: 24.964
Exptime: 121.0
pixscl: 0.27
gain: 4.02867317887
rdnoise: 8.04803825
