Num combided: 2.0
magz: 30.018
zpt: 24.8662553991
Exptime: 115.0
pixscl: 0.27
gain: 4.054073846
rdnoise: 5.969421
