Num combided: 1.0
magz: 29.943
zpt: 24.683
Exptime: 127.0
pixscl: 0.27
gain: 4.44536015539
rdnoise: 6.1686105
