NCombine: 4.0
magz: 30.486
zpt: 24.8908847422
exptime: 173.0
pixscl: 0.27
gain: 4.01485842825
rdnoise: 9.117146375
