Num combided: 4.0
magz: 30.339
zpt: 24.8423572826
Exptime: 158.0
pixscl: 0.27
gain: 4.08932874385
rdnoise: 6.035594125
