Num combided: 1.0
magz: 29.627
zpt: 25.164
Exptime: 61.0
pixscl: 0.27
gain: 3.49557610951
rdnoise: 5.795941
