Num combided: 1.0
magz: 29.525
zpt: 25.174
Exptime: 55.0
pixscl: 0.27
gain: 3.86508596591
rdnoise: 5.8007665
