NCombine: 2.0
magz: 29.999
zpt: 24.673
exptime: 135.0
pixscl: 0.27
gain: 3.69164086889
rdnoise: 6.25958425
