NCombine: 2.0
magz: 30.071
zpt: 24.675
exptime: 144.0
pixscl: 0.27
gain: 3.70534754042
rdnoise: 9.19556775
