filter: g
magz: 29.5
zpt: 24.7023047691
exptime: 83.0
pixscl: 0.27
gain: 3.615
rdnoise: 5.6388045
