NCombine: 4.0
magz: 30.337
zpt: 24.8
exptime: 164.0
pixscl: 0.27
gain: 4.15890552652
rdnoise: 6.18531307211
