Num combided: 3.0
magz: 29.791
zpt: 24.718
Exptime: 107.0
pixscl: 0.27
gain: 3.99046558519
rdnoise: 6.005478
