Num combided: 3.0
magz: 30.2095
zpt: 25.3238937264
Exptime: 90.0
pixscl: 0.27
gain: 3.819
rdnoise: 5.94623566667
