NCombine: 2.0
magz: 29.705
zpt: 25.156
exptime: 66.0
pixscl: 0.27
gain: 3.69823870594
rdnoise: 9.19556775
