NCombine: 3.0
magz: 30.145
zpt: 24.903
exptime: 125.0
pixscl: 0.27
gain: 3.85397757919
rdnoise: 6.02464516667
