filter: z
magz: 29.986
zpt: 24.8155353456
exptime: 117.0
pixscl: 0.27
gain: 3.821
rdnoise: 5.7589385
