Num combided: 1.0
magz: 29.882
zpt: 24.9963937264
Exptime: 90.0
pixscl: 0.27
gain: 3.9585
rdnoise: 6.2070085
