Num combided: 1.0
magz: 30.238
zpt: 25.3523937264
Exptime: 90.0
pixscl: 0.27
gain: 3.9585
rdnoise: 6.2070085
