Num combided: 1.0
magz: 29.748
zpt: 24.8623937264
Exptime: 90.0
pixscl: 0.27
gain: 3.9585
rdnoise: 6.2070085
