Num combided: 1.0
magz: 29.625
zpt: 25.06
Exptime: 67.0
pixscl: 0.27
gain: 4.03125255185
rdnoise: 10.397293
