Num combided: 1.0
magz: 30.071
zpt: 24.675
Exptime: 144.0
pixscl: 0.27
gain: 4.31240754211
rdnoise: 6.055337
