Num combided: 1.0
magz: 30.047
zpt: 24.771
Exptime: 129.0
pixscl: 0.27
gain: 4.18082412471
rdnoise: 12.110982
