Num combided: 2.0
magz: 29.806
zpt: 24.7951965655
Exptime: 101.0
pixscl: 0.27
gain: 3.957
rdnoise: 5.94690025
