NCombine: 4.0
magz: 30.337
zpt: 24.8
exptime: 164.0
pixscl: 0.27
gain: 4.03717624694
rdnoise: 6.12003525
