Num combided: 2.0
magz: 30.265
zpt: 24.884279139
Exptime: 142.0
pixscl: 0.27
gain: 4.1061881202
rdnoise: 6.00029
