NCombine: 1.0
magz: 29.433
zpt: 25.164
exptime: 51.0
pixscl: 0.27
gain: 3.55340572178
rdnoise: 9.84753
