Num combided: 2.0
magz: 30.43
zpt: 24.8224048783
Exptime: 175.0
pixscl: 0.27
gain: 4.1625
rdnoise: 6.31216
