NCombine: 4.0
magz: 30.025
zpt: 24.8270468849
exptime: 120.0
pixscl: 0.27
gain: 4.07350585869
rdnoise: 8.543138
