NCombine: 1.0
magz: 29.889
zpt: 24.664
exptime: 123.0
pixscl: 0.27
gain: 3.53096223627
rdnoise: 9.84753
