Num combided: 2.0
magz: 29.806
zpt: 24.7951965655
Exptime: 101.0
pixscl: 0.27
gain: 4.00525
rdnoise: 5.969809
