Num combided: 1.0
magz: 30.127
zpt: 25.241
Exptime: 90.0
pixscl: 0.27
gain: 4.09713683231
rdnoise: 10.274847
