Num combided: 2.0
magz: 29.789
zpt: 24.9033937264
Exptime: 90.0
pixscl: 0.27
gain: 4.22832901409
rdnoise: 8.56076484483
