NCombine: 1.0
magz: 30.005
zpt: 24.397
exptime: 175.0
pixscl: 0.27
gain: 3.86487074568
rdnoise: 5.895368
