Num combided: 2.0
magz: 30.017
zpt: 24.409
Exptime: 175.0
pixscl: 0.27
gain: 4.11944925329
rdnoise: 6.067801
