NCombine: 3.0
magz: 29.806
zpt: 24.7951965655
exptime: 101.0
pixscl: 0.27
gain: 4.17483333333
rdnoise: 10.0114065
