Num combided: 3.0
magz: 30.311
zpt: 24.8143572826
Exptime: 158.0
pixscl: 0.27
gain: 4.01959250625
rdnoise: 6.12917283333
