NCombine: 2.0
magz: 29.999
zpt: 24.673
exptime: 135.0
pixscl: 0.27
gain: 4.17951777159
rdnoise: 6.0117405
