Num combided: 2.0
magz: 29.897
zpt: 25.0113937264
Exptime: 90.0
pixscl: 0.27
gain: 3.921
rdnoise: 6.09995125
