Num combided: 1.0
magz: 29.643
zpt: 25.145
Exptime: 63.0
pixscl: 0.27
gain: 4.06321378948
rdnoise: 6.1686105
