Num combided: 1.0
magz: 30.164
zpt: 25.2783937264
Exptime: 90.0
pixscl: 0.27
gain: 4.069
rdnoise: 5.96049
