Num combided: 2.0
magz: 29.556
zpt: 25.2659916409
Exptime: 52.0
pixscl: 0.27
gain: 4.08258046832
rdnoise: 5.94358875
