Num combided: 5.0
magz: 29.95
zpt: 24.8077378717
Exptime: 114.0
pixscl: 0.27
gain: 4.0409077085
rdnoise: 6.0216894
