Num combided: 2.0
magz: 29.759
zpt: 24.706
Exptime: 105.0
pixscl: 0.27
gain: 4.05502087531
rdnoise: 6.07538675
