filter: z
magz: 29.66
zpt: 24.8112018685
exptime: 87.0
pixscl: 0.27
gain: 4.1435
rdnoise: 6.0916225
