Num combided: 1.0
magz: 29.705
zpt: 25.156
Exptime: 66.0
pixscl: 0.27
gain: 3.77720960839
rdnoise: 6.061366
