Num combided: 1.0
magz: 29.608
zpt: 24.8103047691
Exptime: 83.0
pixscl: 0.27
gain: 4.045
rdnoise: 6.2955595
