Num combided: 1.0
magz: 30.017
zpt: 24.409
Exptime: 175.0
pixscl: 0.27
gain: 3.67674721511
rdnoise: 6.31216
