NCombine: 4.0
magz: 30.046
zpt: 24.761
exptime: 130.0
pixscl: 0.27
gain: 4.02436772923
rdnoise: 6.22142307963
