Num combided: 2.0
magz: 29.563
zpt: 25.173
Exptime: 57.0
pixscl: 0.27
gain: 3.9240654407
rdnoise: 6.07538675
