Num combided: 2.0
magz: 30.242
zpt: 24.634
Exptime: 175.0
pixscl: 0.27
gain: 4.22586219514
rdnoise: 8.04803825
