Num combided: 1.0
magz: 30.071
zpt: 24.675
Exptime: 144.0
pixscl: 0.27
gain: 3.6731826592
rdnoise: 5.9482655
