NCombine: 4.0
magz: 30.111
zpt: 24.503
exptime: 175.0
pixscl: 0.27
gain: 3.87533792865
rdnoise: 6.096523875
