NCombine: 2.0
magz: 30.145
zpt: 24.903
exptime: 125.0
pixscl: 0.27
gain: 4.0549707862
rdnoise: 8.14475925
