Num combided: 2.0
magz: 29.953
zpt: 24.693
Exptime: 127.0
pixscl: 0.27
gain: 4.07797085911
rdnoise: 8.9976315
