filter: z
magz: 29.677
zpt: 24.8282018685
exptime: 87.0
pixscl: 0.27
gain: 4.0405
rdnoise: 5.9494055
