NCombine: 1.0
magz: 29.625
zpt: 25.06
exptime: 67.0
pixscl: 0.27
gain: 3.86497190046
rdnoise: 5.8007665
