Num combided: 4.0
magz: 30.684
zpt: 25.244
Exptime: 150.0
pixscl: 0.27
gain: 3.86360538468
rdnoise: 6.31216
