NCombine: 2.0
magz: 30.145
zpt: 24.903
exptime: 125.0
pixscl: 0.27
gain: 3.61446330875
rdnoise: 6.25958425
