Num combided: 3.0
magz: 29.78
zpt: 24.847
Exptime: 94.0
pixscl: 0.27
gain: 3.91442006582
rdnoise: 5.998119
