Num combided: 3.0
magz: 29.806
zpt: 24.7951965655
Exptime: 101.0
pixscl: 0.27
gain: 4.01316666667
rdnoise: 6.0651615
