Num combided: 3.0
magz: 29.806
zpt: 24.722
Exptime: 108.0
pixscl: 0.27
gain: 4.08941454266
rdnoise: 6.22835283333
