filter: g
magz: 29.436
zpt: 24.7197731871
exptime: 77.0
pixscl: 0.27
gain: 3.821
rdnoise: 5.7589385
