Num combided: 3.0
magz: 30.51
zpt: 24.8778674226
Exptime: 179.0
pixscl: 0.27
gain: 4.00783333333
rdnoise: 7.34008233333
