Num combided: 3.0
magz: 29.636
zpt: 24.851465369
Exptime: 82.0
pixscl: 0.27
gain: 3.82566666667
rdnoise: 5.74677916667
