NCombine: 1.0
magz: 29.562
zpt: 25.172
exptime: 57.0
pixscl: 0.27
gain: 3.89228581671
rdnoise: 6.059696
