Num combided: 1.0
magz: 29.775
zpt: 24.5327249675
Exptime: 125.0
pixscl: 0.27
gain: 3.6795
rdnoise: 5.795941
