Num combided: 2.0
magz: 30.683
zpt: 24.9304250108
Exptime: 200.0
pixscl: 0.27
gain: 4.1625
rdnoise: 6.31216
