Num combided: 1.0
magz: 29.785
zpt: 24.691
Exptime: 109.0
pixscl: 0.27
gain: 3.89804417259
rdnoise: 6.061366
