NCombine: 1.0
magz: 30.071
zpt: 24.675
exptime: 144.0
pixscl: 0.27
gain: 4.08904034788
rdnoise: 5.8007665
