NCombine: 1.0
magz: 29.999
zpt: 24.673
exptime: 135.0
pixscl: 0.27
gain: 3.92495840308
rdnoise: 6.059696
