Num combided: 3.0
magz: 29.666
zpt: 24.768
Exptime: 91.0
pixscl: 0.27
gain: 4.06572455617
rdnoise: 5.94644283333
