NCombine: 4.0
magz: 30.337
zpt: 24.8
exptime: 164.0
pixscl: 0.27
gain: 3.97722418889
rdnoise: 6.035434125
