Num combided: 1.0
magz: 29.953
zpt: 24.953
Exptime: 100.0
pixscl: 0.27
gain: 4.07224354209
rdnoise: 12.110982
