Num combided: 3.0
magz: 29.751
zpt: 25.1538772732
Exptime: 69.0
pixscl: 0.27
gain: 3.89250338445
rdnoise: 5.998119
