Num combided: 1.0
magz: 29.742
zpt: 24.8563937264
Exptime: 90.0
pixscl: 0.27
gain: 3.8895
rdnoise: 5.949033
