filter: z
magz: 29.993
zpt: 24.7771004233
exptime: 122.0
pixscl: 0.27
gain: 3.615
rdnoise: 5.6388045
