Num combided: 2.0
magz: 30.346
zpt: 25.112
Exptime: 124.0
pixscl: 0.27
gain: 3.8805004141
rdnoise: 11.94072725
