Num combided: 1.0
magz: 29.625
zpt: 25.06
Exptime: 67.0
pixscl: 0.27
gain: 3.66033042893
rdnoise: 5.9482655
