Num combided: 2.0
magz: 30.093
zpt: 24.96
Exptime: 113.0
pixscl: 0.27
gain: 4.03837104721
rdnoise: 5.969421
