Num combided: 3.0
magz: 30.771
zpt: 24.803
Exptime: 244.0
pixscl: 0.27
gain: 4.10723106484
rdnoise: 5.86939383333
