Num combided: 4.0
magz: 30.501
zpt: 24.798
Exptime: 191.0
pixscl: 0.27
gain: 3.95607628388
rdnoise: 5.972044875
