Num combided: 2.0
magz: 30.346
zpt: 25.112
Exptime: 124.0
pixscl: 0.27
gain: 4.04491531713
rdnoise: 6.067801
