Num combided: 2.0
magz: 29.974
zpt: 24.963
Exptime: 101.0
pixscl: 0.27
gain: 4.13600833557
rdnoise: 6.28114175
