Num combided: 2.0
magz: 29.696
zpt: 24.872
Exptime: 85.0
pixscl: 0.27
gain: 4.18427073465
rdnoise: 5.94358875
