Num combided: 2.0
magz: 30.164
zpt: 25.2783937264
Exptime: 90.0
pixscl: 0.27
gain: 3.921
rdnoise: 6.09995125
