NCombine: 2.0
magz: 30.173
zpt: 24.931
exptime: 125.0
pixscl: 0.27
gain: 3.75094102955
rdnoise: 6.13013675
